0.9204999804496765
0.8553749918937683
0.8463749885559082
0.7523750066757202
0.8896250128746033
0.8636249899864197
0.7275000214576721
0.7941250205039978
0.8255000114440918
0.46837499737739563
0.8426250219345093
0.6992499828338623
0.671750009059906
0.6470000147819519
0.8191249966621399
0.8733749985694885
0.8756250143051147
0.5007500052452087
0.8478749990463257
0.7872499823570251
0.8492500185966492
0.8241249918937683
0.8616250157356262
0.6967499852180481
0.7541249990463257
0.7697499990463257
0.7850000262260437
0.7572500109672546
0.8887500166893005
0.8382499814033508
0.8201249837875366
0.8307499885559082
0.7067499756813049
0.7892500162124634
0.7486249804496765
0.7901250123977661
0.8018749952316284
0.5107499957084656
0.8709999918937683
0.890500009059906
0.7141249775886536
0.824999988079071
0.7152500152587891
0.812749981880188
0.7951250076293945
0.8199999928474426
0.8133749961853027
0.8485000133514404
0.7308750152587891
0.8226249814033508
0.7858750224113464
0.8102499842643738
0.6690000295639038
0.5452499985694885
0.6916249990463257
0.6448749899864197
0.6478750109672546
0.8598750233650208
0.7046250104904175
0.7605000138282776
0.6669999957084656
0.8424999713897705
0.8305000066757202
0.6623749732971191
0.7748749852180481
0.8231250047683716
0.7117499709129333
0.8172500133514404
0.8167499899864197
0.734624981880188
0.6759999990463257
0.6995000243186951
0.6258749961853027
0.7202500104904175
0.719124972820282
0.8514999747276306
0.8539999723434448
0.6417499780654907
0.562874972820282
0.6836249828338623
0.8744999766349792
0.8193749785423279
0.7562500238418579
0.6822500228881836
0.784500002861023
0.731249988079071
0.7506250143051147
0.5488749742507935
0.765749990940094
0.7067499756813049
0.7338749766349792
0.7007499933242798
0.8292499780654907
0.6629999876022339
0.7384999990463257
0.8456249833106995
0.8783749938011169
0.4647499918937683
0.796500027179718
0.7507500052452087
